1111111111111111111111111111111111111111
1000000000000000000220000000000000000001
1000000000000000000220000000000000000001
1000000000000000000220000000000000000001
1000000111000000000220000000001110000001
1000000010000000000220000000000100000001
1000000000000000000220000000000000000001
1000000000000000000220000000000000000001
1000000000000111111111111100000000000001
1000000000000000000000000000000000000001
1000000000000000000000000000000000000001
1000000000000000000000000000000000000001
1000002000000000000000000000000002000001
1000002000000000000100000000000002000001
1000002220000000001110000000000222000001
1000002000000000000100000000000002000001
1000002000000000000000000000000002000001
1000000000000000000000000000000000000001
1000000000000000000000000000000000000001
1000000000000000000000000000000000000001
1000000000000111111111111100000000000001
1000000000000000000220000000000000000001
1000000010000000000220000000000100000001
1000000111000000000220000000001110000001
1000000000000000000220000000000000000001
1000000000000000000220000000000000000001
1000000000000000000220000000000000000001
1111111111111111111111111111111111111111

